-------------Graph Loaded-----------------
Dim: 128, #objects: 1000000, efC: 600, R: 64, entryPoint: 124934, maxLevel: 3, maxLevelEleCt: 2
PQ. #Centroids: 256, #Subspaces: 16
-------------Graph Loaded-----------------
===== Node 0, Level 0, #Neighbors = 64 =====
Neighbor 0 (id=312981): 237 199 176 54 169 78 121 200 206 209 246 23 212 77 52 139 
Neighbor 1 (id=67388): 101 3 141 87 172 147 253 137 240 197 29 186 235 122 221 199 
Neighbor 2 (id=187896): 50 184 246 23 79 147 151 210 77 145 212 233 17 77 242 240 
Neighbor 3 (id=259548): 227 189 110 152 80 181 228 152 184 137 180 152 213 88 161 94 
Neighbor 4 (id=553336): 101 30 230 200 17 10 200 230 242 197 162 111 81 79 75 74 
Neighbor 5 (id=197644): 69 162 3 157 200 253 185 106 32 84 9 245 144 200 83 106 
Neighbor 6 (id=75479): 147 74 190 248 79 126 63 53 225 13 29 224 54 165 252 53 
Neighbor 7 (id=236210): 227 134 50 230 140 219 137 48 212 147 212 52 32 185 44 138 
Neighbor 8 (id=325341): 177 171 176 35 250 52 137 59 212 166 240 253 214 171 214 180 
Neighbor 9 (id=516942): 219 13 229 24 111 162 197 230 126 210 218 30 61 3 166 44 
Neighbor 10 (id=558961): 250 17 204 21 47 10 151 48 126 30 227 186 211 184 114 190 
Neighbor 11 (id=629694): 136 7 107 31 140 185 154 107 56 185 165 34 98 9 8 94 
Neighbor 12 (id=451321): 130 13 102 35 78 253 228 11 184 162 44 233 185 125 246 145 
Neighbor 13 (id=631203): 219 185 84 113 35 164 134 106 175 213 212 186 8 77 246 101 
Neighbor 14 (id=500960): 229 147 38 56 77 10 164 96 239 113 5 0 6 206 136 133 
Neighbor 15 (id=657774): 172 74 200 69 69 145 122 235 213 154 60 152 17 141 83 157 
Neighbor 16 (id=746086): 77 122 229 69 45 181 19 164 212 44 212 81 164 240 218 70 
Neighbor 17 (id=738996): 252 34 209 219 140 10 176 145 50 210 91 137 95 200 75 140 
Neighbor 18 (id=822115): 254 134 246 21 197 137 228 48 64 182 48 162 71 83 214 133 
Neighbor 19 (id=832018): 47 34 52 217 69 10 151 54 226 182 8 30 79 50 228 233 
Neighbor 20 (id=835219): 216 147 188 173 79 252 242 3 86 176 44 156 16 60 218 201 
Neighbor 21 (id=844101): 39 16 147 138 3 95 69 230 173 156 45 253 127 86 188 136 
Neighbor 22 (id=903924): 178 74 45 62 25 253 154 197 150 145 252 23 97 88 12 228 
Neighbor 23 (id=909215): 220 197 24 69 52 175 253 186 84 113 242 185 200 152 77 161 
Neighbor 24 (id=949869): 77 134 3 142 140 253 175 145 72 185 45 250 229 50 85 28 
Neighbor 25 (id=970890): 77 13 85 120 76 144 77 29 241 207 166 64 82 6 120 74 
Neighbor 26 (id=285838): 83 72 91 111 225 184 180 210 229 48 95 47 84 145 52 78 
Neighbor 27 (id=735909): 132 115 119 77 80 8 111 200 245 24 190 252 185 17 119 239 
Neighbor 28 (id=300862): 156 104 116 114 78 8 119 145 250 209 217 228 130 17 95 90 
Neighbor 29 (id=245331): 166 34 173 59 140 58 224 48 154 45 154 252 119 45 250 139 
Neighbor 30 (id=612864): 238 72 29 241 233 211 145 230 48 141 52 186 126 194 97 152 
Neighbor 31 (id=48459): 63 218 241 19 206 89 181 200 185 30 219 252 3 179 52 16 
Neighbor 32 (id=846378): 43 97 145 145 80 246 174 241 122 188 11 245 126 194 52 139 
Neighbor 33 (id=826696): 64 77 218 181 233 67 121 200 88 211 45 152 49 35 250 224 
Neighbor 34 (id=279121): 17 107 129 87 146 34 100 161 194 100 214 184 184 8 174 50 
Neighbor 35 (id=289994): 144 30 235 43 141 23 185 2 188 144 200 154 181 55 244 152 
Neighbor 36 (id=90850): 187 19 52 155 131 52 242 142 35 185 29 190 55 126 246 190 
Neighbor 37 (id=343477): 90 235 41 209 162 211 102 137 32 100 100 151 55 122 175 146 
Neighbor 38 (id=358121): 195 90 230 228 160 95 250 228 1 207 35 94 119 125 63 133 
Neighbor 39 (id=907): 137 60 60 188 111 129 139 67 140 84 230 186 230 212 107 239 
Neighbor 40 (id=17635): 29 77 102 249 52 181 145 137 49 84 233 188 52 52 50 136 
Neighbor 41 (id=387659): 155 47 129 75 91 52 252 162 49 113 184 11 89 79 95 59 
Neighbor 42 (id=293828): 249 17 95 43 71 175 185 111 17 141 23 186 122 239 244 96 
Neighbor 43 (id=259207): 151 90 110 214 234 229 116 114 122 197 146 61 162 244 157 90 
Neighbor 44 (id=260979): 145 204 141 155 114 186 63 137 246 211 149 151 20 6 4 244 
Neighbor 45 (id=134836): 86 129 229 232 5 200 253 51 31 162 44 224 44 55 152 35 
Neighbor 46 (id=